66
5
12
27
5
12
====================
====================
====================
[[[0.05325446 0.         0.08199492 ... 0.13693997 0.08030432 0.12426037]
  [0.03968254 0.06349203 0.17460316 ... 0.5198412  0.36111104 0.19444442]
  [0.12556343 0.0643915  0.2009015  ... 0.21635544 0.2910496  0.06374758]
  [0.2564103  0.41025645 0.3333333  ... 0.58974355 0.79487187 0.3589744 ]
  [0.         0.         0.         ... 0.09677419 0.         0.        ]]

 [[0.         0.08199492 0.18934911 ... 0.08030432 0.12426037 0.07016063]
  [0.06349203 0.17460316 0.4325397  ... 0.36111104 0.19444442 0.07142857]
  [0.0643915  0.2009015  0.15132003 ... 0.2910496  0.06374758 0.        ]
  [0.41025645 0.3333333  0.6410256  ... 0.79487187 0.3589744  0.17948717]
  [0.         0.         0.09677419 ... 0.         0.         0.        ]]

 [[0.08199492 0.18934911 0.30769232 ... 0.12426037 0.07016063 0.04564667]
  [0.17460316 0.4325397  0.55952376 ... 0.19444442 0.07142857 0.18253964]
  [0.2009015  0.15132003 0.21764328 ... 0.06374758 0.         0.0212492 ]
  [0.3333333  0.6410256  0.7435898  ... 0.3589744  0.17948717 0.23076922]
  [0.         0.09677419 0.22580644 ... 0.         0.         0.        ]]

 ...

 [[0.1969569  0.35587493 0.38799664 ... 0.07016063 0.02958581 0.09974641]
  [0.4007936  0.54365075 0.6468254  ... 0.07539681 0.12698412 0.21428567]
  [0.30457184 0.3238893  0.2858983  ... 0.17836446 0.05537669 0.12234385]
  [0.58974355 0.7435898  0.9230769  ... 0.30769235 0.3589744  0.30769235]
  [0.03225806 0.2580645  0.48387095 ... 0.         0.         0.        ]]

 [[0.35587493 0.38799664 0.772612   ... 0.02958581 0.09974641 0.25443786]
  [0.54365075 0.6468254  0.89682525 ... 0.12698412 0.21428567 0.4722222 ]
  [0.3238893  0.2858983  0.05730844 ... 0.05537669 0.12234385 0.20476498]
  [0.7435898  0.9230769  0.89743596 ... 0.3589744  0.30769235 0.4615385 ]
  [0.2580645  0.48387095 1.         ... 0.         0.         0.03225806]]

 [[0.38799664 0.772612   0.7793745  ... 0.09974641 0.25443786 0.4226543 ]
  [0.6468254  0.89682525 0.8888889  ... 0.21428567 0.4722222  0.6071428 ]
  [0.2858983  0.05730844 0.49452674 ... 0.12234385 0.20476498 0.30714747]
  [0.9230769  0.89743596 0.974359   ... 0.30769235 0.4615385  0.71794873]
  [0.48387095 1.         0.9032258  ... 0.         0.03225806 0.29032257]]]
====================
[[[0.8005072  0.3846154  0.19188505 ... 0.40912935 0.4843618  0.79712594]
  [0.86507934 0.72222215 0.55555546 ... 0.5833333  0.76190466 0.92460316]
  [0.30714747 0.06374758 0.3515776  ... 0.14230523 0.13457824 0.0856407 ]
  [0.8461539  0.71794873 0.71794873 ... 0.61538464 0.79487187 0.8717949 ]
  [0.9677419  0.6774193  0.16129032 ... 0.2580645  0.7741935  1.        ]]

 [[0.3846154  0.19188505 0.11327136 ... 0.4843618  0.79712594 1.        ]
  [0.72222215 0.55555546 0.34523803 ... 0.76190466 0.92460316 0.99999994]
  [0.06374758 0.3515776  0.19059885 ... 0.13457824 0.0856407  0.03026401]
  [0.71794873 0.71794873 0.69230765 ... 0.79487187 0.8717949  0.79487187]
  [0.6774193  0.16129032 0.03225806 ... 0.7741935  1.         1.        ]]

 [[0.19188505 0.11327136 0.14539307 ... 0.79712594 1.         0.50380385]
  [0.55555546 0.34523803 0.16269836 ... 0.92460316 0.99999994 0.8214285 ]
  [0.3515776  0.19059885 0.10173857 ... 0.0856407  0.03026401 0.54668385]
  [0.71794873 0.69230765 0.38461536 ... 0.8717949  0.79487187 0.82051283]
  [0.16129032 0.03225806 0.         ... 1.         1.         0.7096774 ]]

 ...

 [[0.8224852  0.421809   0.20963651 ... 0.34065935 0.4480135  0.7582418 ]
  [0.9087301  0.813492   0.5833333  ... 0.6071428  0.6547618  0.86507934]
  [0.30972314 0.29813266 0.14938828 ... 0.29298136 0.23374115 0.1629105 ]
  [0.89743596 0.82051283 0.6410256  ... 0.7435898  0.948718   1.        ]
  [0.9354838  0.7419355  0.29032257 ... 0.38709676 0.48387095 0.87096775]]

 [[0.421809   0.20963651 0.10566357 ... 0.4480135  0.7582418  0.8994082 ]
  [0.813492   0.5833333  0.3968253  ... 0.6547618  0.86507934 0.98412687]
  [0.29813266 0.14938828 0.14037347 ... 0.23374115 0.1629105  0.02768834]
  [0.82051283 0.6410256  0.5641026  ... 0.948718   1.         0.8461539 ]
  [0.7419355  0.29032257 0.         ... 0.48387095 0.87096775 1.        ]]

 [[0.20963651 0.10566357 0.13102284 ... 0.7582418  0.8994082  0.49112424]
  [0.5833333  0.3968253  0.1111111  ... 0.86507934 0.98412687 0.8531745 ]
  [0.14938828 0.14037347 0.07211848 ... 0.1629105  0.02768834 0.27173215]
  [0.6410256  0.5641026  0.30769235 ... 1.         0.8461539  0.948718  ]
  [0.29032257 0.         0.         ... 0.87096775 1.         0.87096775]]]
====================
====================
[[0.05325446 0.         0.08199492 0.18934911 0.30769232 0.39053252
  0.4674556  0.66694844 0.3854607  0.13693997 0.08030432 0.12426037]
 [0.03968254 0.06349203 0.17460316 0.4325397  0.55952376 0.7261904
  0.70238084 0.8412698  0.7857142  0.5198412  0.36111104 0.19444442]
 [0.12556343 0.0643915  0.2009015  0.15132003 0.21764328 0.10495815
  0.23696072 0.47198972 0.1886671  0.21635544 0.2910496  0.06374758]
 [0.2564103  0.41025645 0.3333333  0.6410256  0.7435898  0.8461539
  1.         0.948718   0.7692308  0.58974355 0.79487187 0.3589744 ]
 [0.         0.         0.         0.09677419 0.22580644 0.6774193
  0.6774193  0.83870965 0.7419355  0.09677419 0.         0.        ]]
====================
[[0.8005072  0.3846154  0.19188505 0.11327136 0.14539307 0.07945901
  0.03127643 0.0972105  0.16568047 0.40912935 0.4843618  0.79712594]
 [0.86507934 0.72222215 0.55555546 0.34523803 0.16269836 0.10714284
  0.06349203 0.19444442 0.32936507 0.5833333  0.76190466 0.92460316]
 [0.30714747 0.06374758 0.3515776  0.19059885 0.10173857 0.00708307
  0.14359304 0.18029621 0.27108824 0.14230523 0.13457824 0.0856407 ]
 [0.8461539  0.71794873 0.71794873 0.69230765 0.38461536 0.12820512
  0.61538464 0.6410256  0.6666667  0.61538464 0.79487187 0.8717949 ]
 [0.9677419  0.6774193  0.16129032 0.03225806 0.         0.
  0.         0.         0.03225806 0.2580645  0.7741935  1.        ]]
